0 -999 -1 1 0 0
0 195 7.88917 1 0 0
0 195 7.63835 1 0 0
0 195 13.0062 2 0 0
0 235 8.95185 1 0 0
0 140 6.02173 1 0 0
0 140 10.1917 2 0 0
0 140 13.41 2 0 0
0 82 5.20987 0 0 0
0 82 14.256 2 0 0
0 34 5.3658 1 0 0
0 34 5.91013 1 0 0
0 34 6.12907 2 0 0
0 34 9.352 0 0 0
0 34 13.4024 1 0 0
0 74 5.66685 1 0 0
0 74 8.63915 1 0 0
0 74 11.2145 1 0 0
0 74 11.9879 1 0 0
0 55 5.23937 0 0 0
0 55 8.25587 1 0 0
0 55 8.80235 1 0 0
0 177 6.38617 1 0 0
0 72 5.47538 1 0 0
0 83 9.17309 2 0 0
0 83 12.1513 0 0 0
0 178 7.08549 2 0 0
0 178 7.84001 1 0 0
0 178 24.5261 1 0 0
0 127 7.63455 1 0 0
0 127 9.8893 1 0 0
0 185 6.29384 0 0 0
0 185 6.19465 0 0 0
0 185 6.81142 0 0 0
0 187 7.20504 0 0 0
0 138 6.1986 1 0 0
0 138 6.74987 2 0 0
0 138 7.10996 1 0 0
0 241 7.70337 1 0 0
0 241 10.1164 1 0 0
0 60 8.76748 1 0 0
0 60 8.82376 1 0 0
0 60 10.0617 2 0 0
0 10 3.89539 1 0 0
0 10 7.26931 2 0 0
0 10 7.85302 2 0 0
0 10 7.20038 1 0 0
0 10 9.66331 1 0 0
0 10 9.85616 1 0 0
0 45 7.38627 1 0 0
0 45 7.01859 1 0 0
0 24 3.00285 1 0 0
0 24 3.45005 1 0 0
0 24 4.59538 1 0 0
0 24 6.02383 1 0 0
0 66 5.17312 1 0 0
0 66 5.79118 1 0 0
0 66 8.4209 1 0 0
0 95 4.82924 1 0 0
0 95 5.97181 1 0 0
0 95 6.07001 1 0 0
0 103 4.06557 0 0 0
0 103 5.36061 1 0 0
0 229 16.364 1 0 0
0 33 5.06212 1 0 0
0 78 6.43184 1 0 0
0 78 5.9281 1 0 0
0 78 5.76542 1 0 0
0 78 7.25497 1 0 0
0 9 4.59434 1 0 0
0 9 10.1178 1 0 0
0 40 4.18315 1 0 0
0 40 5.18341 1 0 0
0 40 6.27187 1 0 0
0 40 7.89272 1 0 0
0 97 5.85285 1 0 0
0 97 10.9945 1 0 0
0 126 5.39487 0 0 0
0 126 14.3976 2 0 0
0 122 12.2646 1 0 0
0 12 5.08268 1 0 0
0 12 6.04724 1 0 0
0 12 5.32374 1 0 0
0 12 6.41216 1 0 0
0 252 11.6362 1 0 0
0 186 5.90985 0 0 0
0 186 5.82658 0 0 0
0 186 7.7268 1 0 0
0 102 4.92935 0 0 0
0 102 4.37647 1 0 0
0 102 4.94808 1 0 0
0 102 6.08777 1 0 0
0 102 7.63132 1 0 0
0 160 5.79199 0 0 0
0 180 7.08959 1 0 0
0 180 13.0812 1 0 0
0 105 6.27039 1 0 0
0 105 6.97362 1 0 0
0 130 31.0914 1 0 0
0 41 4.60417 1 0 0
0 41 4.70727 1 0 0
0 41 5.11209 2 0 0
0 41 5.70088 1 0 0
0 41 7.37995 1 0 0
0 42 4.91279 1 0 0
0 42 10.8526 2 0 0
0 90 6.05766 1 0 0
0 90 7.89125 1 0 0
0 169 8.75156 2 0 0
0 169 8.32222 2 0 0
0 30 4.16774 0 0 0
0 30 6.08129 1 0 0
0 30 8.14787 1 0 0
0 87 6.78368 1 0 0
0 87 8.65409 2 0 0
0 36 9.64074 2 0 0
0 152 6.61906 1 0 0
0 152 6.77089 1 0 0
0 152 7.92712 1 0 0
0 43 6.77197 2 0 0
0 43 10.7106 2 0 0
0 244 13.2535 2 0 0
0 73 11.8792 1 0 0
0 73 24.4426 2 0 0
0 111 5.48655 1 0 0
0 75 5.61037 1 0 0
0 75 6.02954 1 0 0
0 75 6.55631 1 0 0
0 183 6.38561 0 0 0
0 183 6.27542 1 0 0
0 183 7.91738 2 0 0
0 183 8.99623 1 0 0
0 136 6.78477 1 0 0
0 136 9.34204 1 0 0
0 31 4.83265 2 0 0
0 31 6.35228 1 0 0
0 31 8.28777 2 0 0
0 234 8.11831 1 0 0
0 234 14.1043 1 0 0
0 162 7.44903 1 0 0
0 162 7.71402 2 0 0
0 15 4.34036 1 0 0
0 15 4.09328 0 0 0
0 15 4.70587 2 0 0
0 135 6.59399 0 0 0
0 212 6.69619 0 0 0
0 212 6.46122 0 0 0
0 129 6.04352 1 0 0
0 129 8.95423 2 0 0
0 149 6.20169 1 0 0
0 149 10.0946 1 0 0
0 182 6.79384 1 0 0
0 182 6.94123 1 0 0
0 182 14.3799 2 0 0
0 206 18.6761 2 0 0
0 159 6.87482 1 0 0
0 93 6.04556 1 0 0
0 93 9.79274 1 0 0
0 227 16.8334 2 0 0
0 53 5.35019 1 0 0
0 53 6.96908 1 0 0
0 53 7.71635 1 0 0
0 53 13.0947 1 0 0
0 32 4.33559 1 0 0
0 32 5.25569 1 0 0
0 32 5.88226 1 0 0
0 32 6.82344 1 0 0
0 32 8.32166 1 0 0
0 32 9.17471 1 0 0
0 32 10.4916 2 0 0
0 32 14.0465 2 0 0
0 84 8.2726 1 0 0
0 84 9.09896 1 0 0
0 22 7.1971 2 0 0
0 22 14.1921 2 0 0
0 210 9.12598 1 0 0
0 76 11.3972 2 0 0
0 76 11.8232 1 0 0
0 29 5.39867 2 0 0
0 29 5.42518 1 0 0
0 29 6.64667 1 0 0
0 49 5.4122 2 0 0
0 49 6.10088 1 0 0
0 49 13.4543 1 0 0
0 46 6.40267 1 0 0
0 161 7.50891 1 0 0
0 161 8.1167 1 0 0
0 2 6.45103 1 0 0
0 2 8.96798 2 0 0
0 223 8.56606 1 0 0
0 38 3.68563 0 0 0
0 38 10.6054 1 0 0
0 246 8.19179 1 0 0
0 246 9.5113 1 0 0
0 246 14.871 2 0 0
0 119 9.85028 1 0 0
0 119 16.7878 1 0 0
0 251 8.14693 1 0 0
0 251 8.76295 1 0 0
0 251 10.8221 1 0 0
0 134 5.44873 0 0 0
0 134 7.57044 1 0 0
0 27 3.67868 1 0 0
0 27 3.49864 1 0 0
0 27 3.67298 2 0 0
0 27 4.93675 1 0 0
0 27 5.31064 1 0 0
0 50 5.48195 1 0 0
0 50 6.70698 2 0 0
0 69 13.0137 1 0 0
0 44 8.4569 1 0 0
0 44 13.1576 2 0 0
0 85 15.2833 1 0 0
0 131 5.74719 1 0 0
0 106 7.40419 1 0 0
0 17 4.79769 1 0 0
0 17 4.95527 1 0 0
0 17 7.16333 2 0 0
0 17 7.76205 2 0 0
0 17 8.3464 2 0 0
0 99 7.66959 1 0 0
0 99 9.46403 2 0 0
0 99 10.9655 1 0 0
0 99 18.037 1 0 0
0 108 7.15981 2 0 0
0 108 12.6885 2 0 0
0 62 5.36473 1 0 0
0 62 5.66585 2 0 0
0 62 7.51276 1 0 0
0 205 12.9347 2 0 0
0 148 5.86493 1 0 0
0 98 10.6351 2 0 0
0 188 9.15499 1 0 0
0 8 5.23123 1 0 0
0 8 6.42532 1 0 0
0 8 8.5207 1 0 0
0 156 5.50184 0 0 0
0 156 6.0414 0 0 0
0 0 6.6402 1 0 0
0 0 13.71 1 0 0
0 233 13.7209 2 0 0
0 35 18.3124 2 0 0
0 151 5.50477 1 0 0
0 151 7.04737 1 0 0
0 124 11.1792 2 0 0
0 96 9.01441 2 0 0
0 117 6.36894 1 0 0
0 117 7.09873 1 0 0
0 88 6.30013 1 0 0
0 88 10.4797 1 0 0
0 86 6.83123 1 0 0
0 86 10.4863 1 0 0
0 112 5.72113 1 0 0
0 112 5.7763 1 0 0
0 18 5.07959 2 0 0
0 18 5.20944 1 0 0
0 18 5.38577 1 0 0
0 18 5.27483 2 0 0
0 18 5.52082 1 0 0
0 153 5.28024 0 0 0
0 202 13.5626 2 0 0
0 19 4.44783 1 0 0
0 19 4.46807 2 0 0
0 19 6.14932 1 0 0
0 19 5.94522 1 0 0
0 19 5.40508 1 0 0
0 243 14.7371 2 0 0
0 213 6.01825 0 0 0
0 213 8.60889 1 0 0
0 213 10.0686 2 0 0
0 150 7.93322 1 0 0
0 150 7.30167 1 0 0
0 150 9.14565 1 0 0
0 91 8.04606 1 0 0
0 91 8.45927 2 0 0
0 91 9.69552 1 0 0
0 65 6.07199 2 0 0
0 216 8.40164 1 0 0
0 216 10.9145 1 0 0
0 79 4.4838 0 0 0
0 79 6.55077 1 0 0
0 79 6.68726 1 0 0
0 79 9.50878 1 0 0
0 242 10.6989 1 0 0
0 14 7.85628 2 0 0
0 58 8.33601 1 0 0
0 58 13.3914 2 0 0
0 146 6.78376 2 0 0
0 146 8.4158 1 0 0
0 170 6.96497 1 0 0
0 250 8.42465 1 0 0
0 110 6.53779 1 0 0
0 165 8.39709 0 0 0
0 176 12.3729 1 0 0
0 191 7.3628 0 0 0
0 191 7.37088 1 0 0
0 191 9.68146 2 0 0
0 167 8.32048 0 0 0
0 154 10.5569 2 0 0
0 220 7.94293 0 0 0
0 120 7.90332 2 0 0
0 81 8.38536 1 0 0
0 207 6.06626 0 0 0
0 157 7.368 0 0 0
0 4 6.02219 1 0 0
0 155 8.84505 2 0 0
0 11 6.50279 1 0 0
0 11 8.12729 1 0 0
0 175 8.08552 1 0 0
0 39 5.7684 2 0 0
0 145 16.6461 1 0 0
0 203 6.57336 1 0 0
0 171 6.63234 1 0 0
0 100 7.10833 1 0 0
0 26 3.47034 1 0 0
0 26 4.55362 1 0 0
0 6 15.3281 2 0 0
0 193 8.42106 1 0 0
0 193 8.06479 2 0 0
0 71 8.02315 1 0 0
0 142 7.49257 2 0 0
0 190 7.02465 0 0 0
0 189 8.64537 0 0 0
0 189 10.4188 1 0 0
0 208 10.2015 2 0 0
0 59 8.39408 1 0 0
0 63 8.60548 1 0 0
0 25 3.15033 1 0 0
0 25 6.15311 1 0 0
0 25 7.94526 1 0 0
0 25 311.039 1 0 0
0 23 5.42508 1 0 0
0 23 5.84693 1 0 0
0 132 5.97112 2 0 0
0 248 11.8246 2 0 0
0 56 7.13454 1 0 0
0 56 7.60978 1 0 0
0 104 17.6095 1 0 0
0 221 17.0204 2 0 0
0 16 4.17224 1 0 0
0 226 11.956 1 0 0
0 52 7.12521 1 0 0
0 52 11.699 1 0 0
0 1 4.20241 0 0 0
0 137 5.51924 1 0 0
0 37 8.36021 1 0 0
0 215 7.8867 1 0 0
0 245 8.42563 1 0 0
0 125 6.65705 1 0 0
0 28 3.99027 1 0 0
0 115 8.86371 1 0 0
0 173 8.62737 1 0 0
0 118 6.16781 1 0 0
0 158 6.54758 1 0 0
0 64 13.9641 1 0 0
0 21 6.65229 1 0 0
0 194 9.17141 1 0 0
0 101 8.67711 1 0 0
0 195 7.63835 0 1 3.76098
0 235 8.95185 0 1 0.654176
0 140 6.02173 0 1 3.55843
0 82 5.20987 0 1 1.14293
0 34 5.3658 0 1 5.11461
0 74 5.66685 0 1 3.12399
0 55 5.23937 0 1 3.11821
0 177 6.38617 0 1 0.973462
0 72 5.47538 0 1 0.0219603
0 83 9.17309 0 1 4.34142
0 178 7.08549 0 1 2.54636
0 127 7.63455 0 1 1.48386
0 185 6.19465 0 1 2.08169
0 187 7.20504 0 1 4.18319
0 138 6.1986 0 1 1.69022
0 241 7.70337 0 1 4.98999
0 60 8.76748 0 1 3.15873
0 10 3.89539 0 1 12.8837
0 45 7.01859 0 1 2.94025
0 24 3.00285 0 1 1.86868
0 66 5.17312 0 1 4.41559
0 95 4.82924 0 1 4.21072
0 103 4.06557 0 1 8.83995
0 229 16.364 0 1 0.21737
0 33 5.06212 0 1 0.197087
0 78 5.76542 0 1 5.35787
0 9 4.59434 0 1 2.19535
0 40 4.18315 0 1 2.69255
0 97 5.85285 0 1 0.230558
0 126 5.39487 0 1 1.10901
0 122 12.2646 0 1 0.596937
0 12 5.08268 0 1 2.67219
0 252 11.6362 0 1 2.03273
0 186 5.82658 0 1 1.13159
0 102 4.37647 0 1 2.89988
0 160 5.79199 0 1 0.847285
0 180 7.08959 0 1 0.709964
0 105 6.27039 0 1 2.03155
0 130 31.0914 0 1 0.528276
0 41 4.60417 0 1 4.70531
0 42 4.91279 0 1 2.03434
0 90 6.05766 0 1 5.03082
0 169 8.32222 0 1 1.61502
0 30 4.16774 0 1 0.576359
0 87 6.78368 0 1 1.0299
0 36 9.64074 0 1 0.700684
0 152 6.61906 0 1 8.74115
0 43 6.77197 0 1 2.11786
0 244 13.2535 0 1 2.30613
0 73 11.8792 0 1 1.32851
0 111 5.48655 0 1 0.223015
0 75 5.61037 0 1 0.873194
0 183 6.27542 0 1 3.15228
0 136 6.78477 0 1 2.22356
0 31 4.83265 0 1 0.26419
0 234 8.11831 0 1 0.912905
0 162 7.44903 0 1 1.252
0 15 4.09328 0 1 1.68531
0 135 6.59399 0 1 0.0894777
0 212 6.46122 0 1 1.87794
0 129 6.04352 0 1 1.83089
0 149 6.20169 0 1 2.2868
0 182 6.79384 0 1 6.62994
0 206 18.6761 0 1 0.0461653
0 159 6.87482 0 1 1.38079
0 93 6.04556 0 1 1.42644
0 227 16.8334 0 1 0.315383
0 53 5.35019 0 1 4.26167
0 32 4.33559 0 1 7.24035
0 84 8.2726 0 1 0.30193
0 22 7.1971 0 1 0.719394
0 210 9.12598 0 1 0.746597
0 76 11.3972 0 1 2.08941
0 29 5.39867 0 1 2.60808
0 49 5.4122 0 1 0.812535
0 46 6.40267 0 1 0.383974
0 161 7.50891 0 1 0.637118
0 2 6.45103 0 1 0.675037
0 223 8.56606 0 1 0.352143
0 38 3.68563 0 1 0.997724
0 246 8.19179 0 1 4.26405
0 119 9.85028 0 1 3.94841
0 251 8.14693 0 1 4.73451
0 134 5.44873 0 1 1.04464
0 27 3.49864 0 1 4.70535
0 50 5.48195 0 1 5.28942
0 69 13.0137 0 1 0.404554
0 44 8.4569 0 1 1.10407
0 85 15.2833 0 1 1.08942
0 131 5.74719 0 1 0.143294
0 106 7.40419 0 1 0.640878
0 17 4.79769 0 1 3.3987
0 99 7.66959 0 1 2.08864
0 108 7.15981 0 1 0.691423
0 62 5.36473 0 1 3.73879
0 205 12.9347 0 1 0.609229
0 148 5.86493 0 1 0.232067
0 98 10.6351 0 1 2.42035
0 188 9.15499 0 1 0.528678
0 8 5.23123 0 1 1.31501
0 156 5.50184 0 1 1.18562
0 0 6.6402 0 1 2.10545
0 233 13.7209 0 1 0.796354
0 35 18.3124 0 1 0.339561
0 151 5.50477 0 1 1.4466
0 124 11.1792 0 1 0.892204
0 96 9.01441 0 1 0.481567
0 117 6.36894 0 1 0.768533
0 88 6.30013 0 1 2.01771
0 86 6.83123 0 1 3.73559
0 112 5.72113 0 1 1.69
0 18 5.07959 0 1 1.40588
0 153 5.28024 0 1 0.985975
0 202 13.5626 0 1 1.68349
0 19 4.44783 0 1 3.65537
0 243 14.7371 0 1 2.64359
0 213 6.01825 0 1 1.7048
0 150 7.30167 0 1 3.734
0 91 8.04606 0 1 2.68994
0 65 6.07199 0 1 0.808765
0 216 8.40164 0 1 1.32504
0 79 4.4838 0 1 1.9792
0 242 10.6989 0 1 2.30011
0 14 7.85628 0 1 1.00043
0 58 8.33601 0 1 1.57274
0 146 6.78376 0 1 1.99302
0 170 6.96497 0 1 1.59027
0 250 8.42465 0 1 0.490937
0 110 6.53779 0 1 0.463583
0 165 8.39709 0 1 0.227614
0 176 12.3729 0 1 1.10966
0 191 7.3628 0 1 2.48318
0 167 8.32048 0 1 1.24722
0 154 10.5569 0 1 0.882234
0 220 7.94293 0 1 0.114961
0 120 7.90332 0 1 1.24462
0 81 8.38536 0 1 1.08885
0 207 6.06626 0 1 1.33598
0 157 7.368 0 1 0.954058
0 4 6.02219 0 1 0.62565
0 155 8.84505 0 1 0.0952293
0 11 6.50279 0 1 1.50315
0 175 8.08552 0 1 0.179681
0 39 5.7684 0 1 1.41021
0 145 16.6461 0 1 0.589298
0 203 6.57336 0 1 0.577641
0 171 6.63234 0 1 0.219611
0 100 7.10833 0 1 0.816627
0 26 3.47034 0 1 2.16746
0 6 15.3281 0 1 2.95875
0 193 8.06479 0 1 0.698666
0 71 8.02315 0 1 0.537702
0 142 7.49257 0 1 2.16828
0 190 7.02465 0 1 0.430833
0 189 8.64537 0 1 2.42899
0 208 10.2015 0 1 0.450928
0 59 8.39408 0 1 1.0479
0 63 8.60548 0 1 1.77616
0 25 3.15033 0 1 3.92933
0 23 5.42508 0 1 2.14352
0 132 5.97112 0 1 0.0209628
0 248 11.8246 0 1 2.08331
0 56 7.13454 0 1 0.351151
0 104 17.6095 0 1 0.650519
0 221 17.0204 0 1 1.54773
0 16 4.17224 0 1 1.18804
0 226 11.956 0 1 1.13162
0 52 7.12521 0 1 1.70587
0 1 4.20241 0 1 0.086855
0 137 5.51924 0 1 0.377582
0 37 8.36021 0 1 0.271547
0 215 7.8867 0 1 1.00714
0 245 8.42563 0 1 2.47647
0 125 6.65705 0 1 0.491148
0 28 3.99027 0 1 1.01215
0 115 8.86371 0 1 0.432332
0 173 8.62737 0 1 0.223446
0 118 6.16781 0 1 0.234632
0 158 6.54758 0 1 1.51266
0 64 13.9641 0 1 0.608696
0 21 6.65229 0 1 0.648829
0 194 9.17141 0 1 0.691697
0 101 8.67711 0 1 0.631201
1 -999 -1 1 0 0
1 128 5.01372 1 0 0
1 128 6.64421 1 0 0
1 109 5.94571 1 0 0
1 109 7.02734 1 0 0
1 109 10.7935 1 0 0
1 109 15.575 1 0 0
1 87 5.03006 1 0 0
1 87 6.89477 1 0 0
1 59 7.12688 1 0 0
1 131 7.74392 1 0 0
1 131 10.5358 2 0 0
1 249 9.10232 1 0 0
1 249 13.6881 1 0 0
1 9 6.16552 2 0 0
1 9 8.26591 2 0 0
1 9 12.6934 1 0 0
1 28 5.47491 1 0 0
1 28 5.66541 1 0 0
1 28 8.08782 1 0 0
1 28 7.05634 1 0 0
1 76 5.0093 0 0 0
1 76 4.20928 0 0 0
1 76 5.26984 1 0 0
1 156 6.13117 0 0 0
1 156 6.48909 1 0 0
1 156 6.6102 1 0 0
1 94 6.70717 1 0 0
1 94 7.39177 1 0 0
1 83 4.49802 0 0 0
1 83 4.19556 0 0 0
1 40 3.62274 0 0 0
1 40 3.14411 1 0 0
1 40 4.4328 2 0 0
1 40 5.42548 1 0 0
1 40 6.26023 1 0 0
1 187 9.1584 0 0 0
1 187 15.2628 1 0 0
1 157 5.44712 0 0 0
1 89 5.08679 1 0 0
1 89 5.5704 1 0 0
1 89 6.29292 1 0 0
1 73 6.84502 1 0 0
1 24 5.69929 1 0 0
1 24 5.54951 1 0 0
1 24 7.16208 1 0 0
1 24 5.68636 2 0 0
1 24 9.57955 1 0 0
1 24 18.0971 1 0 0
1 24 34.3239 2 0 0
1 155 6.877 2 0 0
1 202 22.5401 2 0 0
1 115 7.75934 1 0 0
1 115 11.8785 1 0 0
1 5 6.61082 1 0 0
1 5 6.27933 2 0 0
1 5 8.58243 2 0 0
1 75 5.39987 1 0 0
1 75 5.90754 2 0 0
1 10 2.74433 0 0 0
1 10 4.07942 1 0 0
1 10 4.66452 1 0 0
1 10 6.70979 2 0 0
1 10 9.18537 1 0 0
1 152 6.75454 2 0 0
1 152 10.5205 1 0 0
1 71 14.6234 1 0 0
1 54 5.72262 0 0 0
1 54 14.0334 2 0 0
1 171 6.78591 1 0 0
1 171 8.27574 1 0 0
1 86 6.54429 1 0 0
1 27 3.88095 1 0 0
1 27 8.9561 2 0 0
1 113 12.1317 1 0 0
1 23 7.90256 1 0 0
1 84 5.89202 1 0 0
1 84 5.80735 1 0 0
1 84 9.67427 1 0 0
1 56 5.72483 1 0 0
1 56 6.02226 1 0 0
1 56 8.90443 2 0 0
1 189 7.71036 1 0 0
1 189 9.69824 1 0 0
1 33 2.61173 1 0 0
1 33 3.67477 2 0 0
1 33 7.6051 2 0 0
1 33 7.14479 1 0 0
1 34 4.40658 2 0 0
1 34 10.2111 2 0 0
1 148 10.1411 1 0 0
1 148 11.937 1 0 0
1 192 8.5787 2 0 0
1 124 6.7978 2 0 0
1 116 5.81086 1 0 0
1 116 6.31422 1 0 0
1 143 11.9735 1 0 0
1 143 16.1685 2 0 0
1 118 5.01766 1 0 0
1 118 8.95672 1 0 0
1 53 5.25633 1 0 0
1 53 5.72722 1 0 0
1 108 4.77159 1 0 0
1 108 5.48354 0 0 0
1 108 7.17344 2 0 0
1 93 7.26839 1 0 0
1 93 11.8338 1 0 0
1 173 6.48369 1 0 0
1 173 9.2744 1 0 0
1 242 10.0004 1 0 0
1 32 2.83401 1 0 0
1 32 4.06909 1 0 0
1 32 3.22659 1 0 0
1 32 5.85402 2 0 0
1 32 6.16869 1 0 0
1 32 6.90293 1 0 0
1 32 7.74934 1 0 0
1 32 8.56954 1 0 0
1 135 7.00555 1 0 0
1 147 6.16099 1 0 0
1 134 6.4627 1 0 0
1 60 4.94255 1 0 0
1 60 7.01334 1 0 0
1 60 6.3166 1 0 0
1 60 9.90881 2 0 0
1 153 5.51068 1 0 0
1 153 12.584 1 0 0
1 153 23.3291 2 0 0
1 31 6.18339 1 0 0
1 31 6.78314 1 0 0
1 31 12.1236 1 0 0
1 240 7.3443 0 0 0
1 19 3.34387 1 0 0
1 19 5.33568 1 0 0
1 19 5.73465 1 0 0
1 19 6.43756 1 0 0
1 19 6.78211 1 0 0
1 19 6.51058 1 0 0
1 19 9.66346 1 0 0
1 19 10.5616 1 0 0
1 19 14.7963 2 0 0
1 69 6.0854 1 0 0
1 69 6.91089 1 0 0
1 69 9.44976 1 0 0
1 239 7.74626 0 0 0
1 104 5.59684 1 0 0
1 104 8.59543 0 0 0
1 104 12.9288 1 0 0
1 55 10.8989 1 0 0
1 55 12.8423 2 0 0
1 55 15.399 2 0 0
1 92 5.80072 2 0 0
1 77 9.29803 2 0 0
1 77 9.1903 1 0 0
1 238 8.08939 0 0 0
1 238 10.5042 1 0 0
1 38 4.48401 1 0 0
1 38 10.3533 2 0 0
1 174 7.22794 1 0 0
1 174 35.447 2 0 0
1 250 8.43878 2 0 0
1 250 13.4645 2 0 0
1 151 6.17766 2 0 0
1 248 9.42513 1 0 0
1 17 3.76611 0 0 0
1 17 3.39611 1 0 0
1 17 4.48157 1 0 0
1 17 5.83277 1 0 0
1 17 11.9629 2 0 0
1 205 9.02076 1 0 0
1 205 14.8235 2 0 0
1 177 6.946 1 0 0
1 110 5.67677 1 0 0
1 110 9.23904 1 0 0
1 132 6.32979 1 0 0
1 132 6.29157 1 0 0
1 132 12.2555 2 0 0
1 97 6.49075 1 0 0
1 97 9.40959 1 0 0
1 42 4.99303 2 0 0
1 42 7.99665 1 0 0
1 42 13.528 2 0 0
1 201 7.59189 1 0 0
1 247 9.36825 1 0 0
1 247 11.4639 2 0 0
1 247 12.6625 1 0 0
1 247 15.4028 1 0 0
1 72 6.20396 1 0 0
1 72 7.3679 1 0 0
1 141 9.68993 1 0 0
1 15 4.97745 1 0 0
1 15 19.3356 2 0 0
1 150 8.99717 2 0 0
1 150 11.6724 1 0 0
1 150 12.3686 2 0 0
1 8 4.99921 1 0 0
1 8 7.54374 1 0 0
1 176 9.85442 1 0 0
1 176 11.0115 1 0 0
1 241 7.63725 2 0 0
1 241 8.93556 1 0 0
1 241 10.4411 1 0 0
1 241 13.7983 1 0 0
1 206 8.56432 1 0 0
1 206 9.6159 1 0 0
1 105 6.94888 1 0 0
1 105 8.13402 1 0 0
1 137 5.00853 1 0 0
1 137 8.7334 1 0 0
1 137 12.6589 2 0 0
1 165 11.3332 1 0 0
1 96 9.04836 1 0 0
1 96 12.2799 2 0 0
1 96 15.9503 1 0 0
1 162 9.99308 1 0 0
1 119 6.44852 1 0 0
1 119 8.2192 1 0 0
1 119 11.3644 2 0 0
1 146 7.84006 1 0 0
1 181 9.51434 1 0 0
1 181 17.9367 1 0 0
1 66 7.00952 1 0 0
1 66 11.419 1 0 0
1 66 15.2179 1 0 0
1 57 5.26221 0 0 0
1 57 5.20636 1 0 0
1 57 16.1111 1 0 0
1 57 16.718 1 0 0
1 14 7.60108 2 0 0
1 182 8.75895 2 0 0
1 144 6.15952 1 0 0
1 144 6.68955 1 0 0
1 144 13.0888 1 0 0
1 235 7.69785 1 0 0
1 82 4.4808 0 0 0
1 82 6.12445 1 0 0
1 82 7.11838 1 0 0
1 82 9.80632 1 0 0
1 30 8.51743 2 0 0
1 25 8.49919 1 0 0
1 25 8.15544 2 0 0
1 25 8.78862 1 0 0
1 26 2.34343 1 0 0
1 26 5.37312 1 0 0
1 26 3.62757 1 0 0
1 26 5.34319 1 0 0
1 26 4.60255 1 0 0
1 26 3.88713 1 0 0
1 26 9.50279 2 0 0
1 26 16.0813 1 0 0
1 26 18.5987 1 0 0
1 20 5.65342 1 0 0
1 12 6.67964 1 0 0
1 18 3.65269 1 0 0
1 18 4.71659 1 0 0
1 18 5.48816 1 0 0
1 39 4.83606 1 0 0
1 39 6.23633 1 0 0
1 45 9.95416 1 0 0
1 251 14.0331 1 0 0
1 112 6.38813 2 0 0
1 2 3.80349 1 0 0
1 79 4.75935 0 0 0
1 79 5.68151 1 0 0
1 79 8.71017 1 0 0
1 212 8.13509 2 0 0
1 100 7.65032 0 0 0
1 100 9.15805 1 0 0
1 100 11.7313 1 0 0
1 172 26.5354 1 0 0
1 111 7.34945 1 0 0
1 68 7.36907 1 0 0
1 68 7.12999 2 0 0
1 61 4.7649 1 0 0
1 61 7.75062 1 0 0
1 95 6.2554 1 0 0
1 95 10.0396 1 0 0
1 95 13.5566 1 0 0
1 63 6.31268 2 0 0
1 63 7.71523 1 0 0
1 63 13.6808 1 0 0
1 164 7.14114 1 0 0
1 136 7.99398 1 0 0
1 91 8.5551 1 0 0
1 13 10.9204 1 0 0
1 35 4.11132 1 0 0
1 35 5.5939 1 0 0
1 58 13.3446 1 0 0
1 232 8.42053 2 0 0
1 170 7.07545 1 0 0
1 103 4.90907 1 0 0
1 126 9.98263 1 0 0
1 98 8.49298 1 0 0
1 125 7.86454 1 0 0
1 125 8.76665 1 0 0
1 62 11.7691 1 0 0
1 16 2.82188 0 0 0
1 64 5.30048 1 0 0
1 85 6.04706 1 0 0
1 85 9.65864 1 0 0
1 127 6.07811 2 0 0
1 48 5.75129 1 0 0
1 48 6.44868 1 0 0
1 163 9.1727 1 0 0
1 163 8.89328 2 0 0
1 99 7.81981 1 0 0
1 99 8.32651 1 0 0
1 133 7.32035 2 0 0
1 185 9.21755 2 0 0
1 185 12.9243 1 0 0
1 203 11.0867 2 0 0
1 203 12.1339 1 0 0
1 204 6.81496 1 0 0
1 204 11.3324 1 0 0
1 207 7.6654 1 0 0
1 41 7.34813 1 0 0
1 101 5.54127 1 0 0
1 67 11.7628 1 0 0
1 161 8.6811 1 0 0
1 114 6.91755 1 0 0
1 81 5.90702 1 0 0
1 129 6.7553 1 0 0
1 129 6.88873 1 0 0
1 129 9.36 1 0 0
1 3 5.52589 1 0 0
1 78 6.97055 1 0 0
1 78 8.43538 1 0 0
1 178 8.17222 1 0 0
1 166 6.98844 1 0 0
1 46 6.86796 1 0 0
1 88 5.54797 1 0 0
1 122 6.4388 1 0 0
1 122 7.88802 2 0 0
1 158 10.3815 1 0 0
1 102 9.15348 2 0 0
1 138 10.6658 2 0 0
1 117 5.63349 1 0 0
1 49 5.74142 1 0 0
1 49 5.26169 1 0 0
1 252 10.7501 1 0 0
1 252 16.9437 1 0 0
1 188 9.84993 1 0 0
1 11 6.81874 1 0 0
1 167 6.03177 1 0 0
1 167 28.9194 1 0 0
1 90 5.14558 1 0 0
1 128 5.01372 0 1 1.78371
1 109 5.94571 0 1 3.86739
1 87 5.03006 0 1 1.49588
1 59 7.12688 0 1 0.958246
1 131 7.74392 0 1 0.973328
1 249 9.10232 0 1 5.28448
1 9 6.16552 0 1 1.93103
1 28 5.47491 0 1 3.41034
1 76 4.20928 0 1 2.35146
1 156 6.13117 0 1 2.69758
1 94 6.70717 0 1 0.3946
1 83 4.19556 0 1 3.11931
1 40 3.14411 0 1 3.37022
1 187 9.1584 0 1 2.5083
1 157 5.44712 0 1 0.765442
1 89 5.08679 0 1 2.351
1 73 6.84502 0 1 0.575533
1 24 5.54951 0 1 4.78758
1 155 6.877 0 1 0.0767549
1 202 22.5401 0 1 0.0257338
1 115 7.75934 0 1 1.27094
1 5 6.27933 0 1 2.94198
1 75 5.39987 0 1 1.53249
1 10 2.74433 0 1 3.2123
1 152 6.75454 0 1 1.90326
1 71 14.6234 0 1 4.53031
1 54 5.72262 0 1 2.83634
1 171 6.78591 0 1 1.7153
1 86 6.54429 0 1 0.975492
1 27 3.88095 0 1 2.9342
1 113 12.1317 0 1 0.892109
1 23 7.90256 0 1 0.776242
1 84 5.80735 0 1 1.66654
1 56 5.72483 0 1 1.13336
1 189 7.71036 0 1 4.76599
1 33 2.61173 0 1 1.96215
1 34 4.40658 0 1 0.112474
1 148 10.1411 0 1 0.495473
1 192 8.5787 0 1 0.364047
1 124 6.7978 0 1 1.47407
1 116 5.81086 0 1 2.3488
1 143 11.9735 0 1 0.571464
1 118 5.01766 0 1 0.732581
1 53 5.25633 0 1 3.94312
1 108 4.77159 0 1 2.27661
1 93 7.26839 0 1 2.97054
1 173 6.48369 0 1 0.680705
1 242 10.0004 0 1 1.49287
1 32 2.83401 0 1 12.4688
1 135 7.00555 0 1 0.304849
1 147 6.16099 0 1 0.0542903
1 134 6.4627 0 1 0.0852467
1 60 4.94255 0 1 2.65542
1 153 5.51068 0 1 2.46892
1 31 6.18339 0 1 1.46723
1 240 7.3443 0 1 1.09885
1 19 3.34387 0 1 6.05373
1 69 6.0854 0 1 6.1914
1 239 7.74626 0 1 0.220636
1 104 5.59684 0 1 1.4036
1 55 10.8989 0 1 2.70818
1 92 5.80072 0 1 1.79546
1 77 9.1903 0 1 1.12226
1 238 8.08939 0 1 1.84903
1 38 4.48401 0 1 1.09436
1 174 7.22794 0 1 3.90124
1 250 8.43878 0 1 3.74325
1 151 6.17766 0 1 0.227949
1 248 9.42513 0 1 0.281654
1 17 3.39611 0 1 2.1394
1 205 9.02076 0 1 1.45088
1 177 6.946 0 1 1.14695
1 110 5.67677 0 1 0.643022
1 132 6.29157 0 1 1.77318
1 97 6.49075 0 1 3.6025
1 42 4.99303 0 1 3.39986
1 201 7.59189 0 1 4.35047
1 247 9.36825 0 1 4.60424
1 72 6.20396 0 1 1.04074
1 141 9.68993 0 1 0.984096
1 15 4.97745 0 1 2.59954
1 150 8.99717 0 1 1.29163
1 8 4.99921 0 1 3.46164
1 176 9.85442 0 1 1.61555
1 241 7.63725 0 1 7.55012
1 206 8.56432 0 1 1.53945
1 105 6.94888 0 1 1.87041
1 137 5.00853 0 1 2.31067
1 165 11.3332 0 1 0.376454
1 96 9.04836 0 1 1.43225
1 162 9.99308 0 1 0.686193
1 119 6.44852 0 1 2.3292
1 146 7.84006 0 1 0.75596
1 181 9.51434 0 1 0.472119
1 66 7.00952 0 1 1.33974
1 57 5.20636 0 1 3.16777
1 14 7.60108 0 1 0.877153
1 182 8.75895 0 1 0.594731
1 144 6.15952 0 1 7.40458
1 235 7.69785 0 1 4.54859
1 82 4.4808 0 1 14.4861
1 30 8.51743 0 1 4.00309
1 25 8.15544 0 1 2.51115
1 26 2.34343 0 1 13.0509
1 20 5.65342 0 1 0.591356
1 12 6.67964 0 1 0.884229
1 18 3.65269 0 1 2.08515
1 39 4.83606 0 1 4.76922
1 45 9.95416 0 1 0.430372
1 251 14.0331 0 1 1.49968
1 112 6.38813 0 1 0.604157
1 2 3.80349 0 1 0.433119
1 79 4.75935 0 1 6.22226
1 212 8.13509 0 1 0.545252
1 100 7.65032 0 1 1.55659
1 172 26.5354 0 1 0.138415
1 111 7.34945 0 1 0.0217871
1 68 7.12999 0 1 2.63699
1 61 4.7649 0 1 2.92192
1 95 6.2554 0 1 3.49272
1 63 6.31268 0 1 6.72988
1 164 7.14114 0 1 0.503196
1 136 7.99398 0 1 0.838078
1 91 8.5551 0 1 0.825702
1 13 10.9204 0 1 0.896227
1 35 4.11132 0 1 0.562853
1 58 13.3446 0 1 0.404927
1 232 8.42053 0 1 1.54767
1 170 7.07545 0 1 1.42693
1 103 4.90907 0 1 1.23803
1 126 9.98263 0 1 0.443162
1 98 8.49298 0 1 1.81548
1 125 7.86454 0 1 2.35674
1 62 11.7691 0 1 0.133849
1 16 2.82188 0 1 1.00208
1 64 5.30048 0 1 0.546335
1 85 6.04706 0 1 0.972224
1 127 6.07811 0 1 0.397425
1 48 5.75129 0 1 2.94832
1 163 8.89328 0 1 1.42336
1 99 7.81981 0 1 0.6272
1 133 7.32035 0 1 1.02035
1 185 9.21755 0 1 0.906821
1 203 11.0867 0 1 1.41558
1 204 6.81496 0 1 0.919665
1 207 7.6654 0 1 1.33378
1 41 7.34813 0 1 1.14656
1 101 5.54127 0 1 1.01206
1 67 11.7628 0 1 0.0628505
1 161 8.6811 0 1 0.924615
1 114 6.91755 0 1 1.16679
1 81 5.90702 0 1 0.889
1 129 6.7553 0 1 1.00778
1 3 5.52589 0 1 0.436527
1 78 6.97055 0 1 1.35867
1 178 8.17222 0 1 0.488689
1 166 6.98844 0 1 0.584639
1 46 6.86796 0 1 0.85416
1 88 5.54797 0 1 0.0307101
1 122 6.4388 0 1 2.02168
1 158 10.3815 0 1 0.852539
1 102 9.15348 0 1 0.766028
1 138 10.6658 0 1 1.43508
1 117 5.63349 0 1 0.0117261
1 49 5.26169 0 1 2.12504
1 252 10.7501 0 1 4.06844
1 188 9.84993 0 1 0.0869624
1 11 6.81874 0 1 1.63344
1 167 6.03177 0 1 3.84712
1 90 5.14558 0 1 0.580936
