0 0 -521.61  -1096.51 0
1 0 -727.364  -915.349 0
2 0 521.61  -1096.51 0
3 -476.766 0  -1109.56 0
4 476.766 0  -1109.56 0
5 -212.342 -612.345  -950.661 0
6 212.342 -612.345  -950.661 0
7 431.775 -493.967  -947.331 0
8 650.482 -372.872  -904.437 0
9 222.633 -373.573  -1026.27 0
10 447.384 -250.196  -1003.61 0
11 665.093 -125.208  -938.445 0
12 -431.775 -493.967  -947.331 0
13 -222.215 -372.872  -1023.21 0
14 -446.544 -249.727  -1000.59 0
15 -227.206 -125.208  -1059.88 0
16 -650.482 -372.872  -904.437 0
17 -665.093 -125.208  -938.445 0
18 -665.093 125.208  -938.445 0
19 227.206 -125.208  -1059.88 0
20 665.093 125.208  -938.445 0
21 0 -249.729  -1061.38 0
22 227.206 125.208  -1059.88 0
23 446.544 249.727  -1000.59 0
24 650.482 372.872  -904.437 0
25 0 249.729  -1061.38 0
26 222.215 372.872  -1023.21 0
27 431.775 493.967  -947.331 0
28 212.342 612.345  -950.661 0
29 -227.206 125.208  -1059.88 0
30 -446.544 249.727  -1000.59 0
31 -650.482 372.872  -904.437 0
32 -222.215 372.872  -1023.21 0
33 -431.775 493.967  -947.331 0
34 -212.342 612.345  -950.661 0
35 0 727.364  -915.349 0
36 -137.001 1040.62  -685.8 0
37 -137.001 1040.62  -457.2 0
38 -137.001 1040.62  -228.6 0
39 -137.001 1040.62  0 0
40 -137.001 1040.62  228.6 0
41 -137.001 1040.62  457.2 0
42 -137.001 1040.62  685.8 0
43 -1040.62 137.001  -685.8 0
44 -1040.62 137.001  -457.2 0
45 -1040.62 137.001  -228.6 0
46 -1040.62 137.001  0 0
47 -1040.62 137.001  228.6 0
48 -1040.62 137.001  457.2 0
49 -1040.62 137.001  685.8 0
50 -832.705 638.957  -685.8 0
51 -832.705 638.957  -457.2 0
52 -832.705 638.957  -228.6 0
53 -832.705 638.957  0 0
54 -832.705 638.957  228.6 0
55 -832.705 638.957  457.2 0
56 -832.705 638.957  685.8 0
57 -401.665 969.706  -685.8 0
58 -401.665 969.706  -457.2 0
59 -401.665 969.706  -228.6 0
60 -401.665 969.706  0 0
61 -401.665 969.706  228.6 0
62 -401.665 969.706  457.2 0
63 -401.665 969.706  685.8 0
64 137.001 1040.62  -685.8 0
65 137.001 1040.62  -457.2 0
66 137.001 1040.62  -228.6 0
67 137.001 1040.62  0 0
68 137.001 1040.62  228.6 0
69 137.001 1040.62  457.2 0
70 137.001 1040.62  685.8 0
71 638.957 832.705  -685.8 0
72 638.957 832.705  -457.2 0
73 638.957 832.705  -228.6 0
74 638.957 832.705  0 0
75 638.957 832.705  228.6 0
76 638.957 832.705  457.2 0
77 638.957 832.705  685.8 0
78 969.706 401.665  -685.8 0
79 969.706 401.665  -457.2 0
80 969.706 401.665  -228.6 0
81 969.706 401.665  0 0
82 969.706 401.665  228.6 0
83 969.706 401.665  457.2 0
84 969.706 401.665  685.8 0
85 1040.62 -137.001  -685.8 0
86 1040.62 -137.001  -457.2 0
87 1040.62 -137.001  -228.6 0
88 1040.62 -137.001  0 0
89 1040.62 -137.001  228.6 0
90 1040.62 -137.001  457.2 0
91 1040.62 -137.001  685.8 0
92 832.705 -638.957  -685.8 0
93 832.705 -638.957  -457.2 0
94 832.705 -638.957  -228.6 0
95 832.705 -638.957  0 0
96 832.705 -638.957  228.6 0
97 832.705 -638.957  457.2 0
98 832.705 -638.957  685.8 0
99 401.665 -969.706  -685.8 0
100 401.665 -969.706  -457.2 0
101 401.665 -969.706  -228.6 0
102 401.665 -969.706  0 0
103 401.665 -969.706  228.6 0
104 401.665 -969.706  457.2 0
105 401.665 -969.706  685.8 0
106 -137.001 -1040.62  -685.8 0
107 -137.001 -1040.62  -457.2 0
108 -137.001 -1040.62  -228.6 0
109 -137.001 -1040.62  0 0
110 -137.001 -1040.62  228.6 0
111 -137.001 -1040.62  457.2 0
112 -137.001 -1040.62  685.8 0
113 -638.957 -832.705  -685.8 0
114 -638.957 -832.705  -457.2 0
115 -638.957 -832.705  -228.6 0
116 -638.957 -832.705  0 0
117 -638.957 -832.705  228.6 0
118 -638.957 -832.705  457.2 0
119 -638.957 -832.705  685.8 0
120 -969.706 -401.665  -685.8 0
121 -969.706 -401.665  -457.2 0
122 -969.706 -401.665  -228.6 0
123 -969.706 -401.665  0 0
124 -969.706 -401.665  228.6 0
125 -969.706 -401.665  457.2 0
126 -969.706 -401.665  685.8 0
127 401.665 969.706  -685.8 0
128 401.665 969.706  -457.2 0
129 401.665 969.706  -228.6 0
130 401.665 969.706  0 0
131 401.665 969.706  228.6 0
132 401.665 969.706  457.2 0
133 401.665 969.706  685.8 0
134 832.705 638.957  -685.8 0
135 832.705 638.957  -457.2 0
136 832.705 638.957  -228.6 0
137 832.705 638.957  0 0
138 832.705 638.957  228.6 0
139 832.705 638.957  457.2 0
140 832.705 638.957  685.8 0
141 1040.62 137.001  -685.8 0
142 1040.62 137.001  -457.2 0
143 1040.62 137.001  -228.6 0
144 1040.62 137.001  0 0
145 1040.62 137.001  228.6 0
146 1040.62 137.001  457.2 0
147 1040.62 137.001  685.8 0
148 969.706 -401.665  -685.8 0
149 969.706 -401.665  -457.2 0
150 969.706 -401.665  -228.6 0
151 969.706 -401.665  0 0
152 969.706 -401.665  228.6 0
153 969.706 -401.665  457.2 0
154 969.706 -401.665  685.8 0
155 638.957 -832.705  -685.8 0
156 638.957 -832.705  -457.2 0
157 638.957 -832.705  -228.6 0
158 638.957 -832.705  0 0
159 638.957 -832.705  228.6 0
160 638.957 -832.705  457.2 0
161 638.957 -832.705  685.8 0
162 137.001 -1040.62  -685.8 0
163 137.001 -1040.62  -457.2 0
164 137.001 -1040.62  -228.6 0
165 137.001 -1040.62  0 0
166 137.001 -1040.62  228.6 0
167 137.001 -1040.62  457.2 0
168 137.001 -1040.62  685.8 0
169 -401.665 -969.706  -685.8 0
170 -401.665 -969.706  -457.2 0
171 -401.665 -969.706  -228.6 0
172 -401.665 -969.706  0 0
173 -401.665 -969.706  228.6 0
174 -401.665 -969.706  457.2 0
175 -401.665 -969.706  685.8 0
176 -832.705 -638.957  -685.8 0
177 -832.705 -638.957  -457.2 0
178 -832.705 -638.957  -228.6 0
179 -832.705 -638.957  0 0
180 -832.705 -638.957  228.6 0
181 -832.705 -638.957  457.2 0
182 -832.705 -638.957  685.8 0
183 -1040.62 -137.001  -685.8 0
184 -1040.62 -137.001  -457.2 0
185 -1040.62 -137.001  -228.6 0
186 -1040.62 -137.001  0 0
187 -1040.62 -137.001  228.6 0
188 -1040.62 -137.001  457.2 0
189 -1040.62 -137.001  685.8 0
190 -969.706 401.665  -685.8 0
191 -969.706 401.665  -457.2 0
192 -969.706 401.665  -228.6 0
193 -969.706 401.665  0 0
194 -969.706 401.665  228.6 0
195 -969.706 401.665  457.2 0
196 -969.706 401.665  685.8 0
197 -638.957 832.705  -685.8 0
198 -638.957 832.705  -457.2 0
199 -638.957 832.705  -228.6 0
200 -638.957 832.705  0 0
201 -638.957 832.705  228.6 0
202 -638.957 832.705  457.2 0
203 -638.957 832.705  685.8 0
204 0 0  1212.6 1
205 285.119 164.614  1185.24 1
206 -285.119 -164.614  1185.24 1
207 562.418 324.712  1103.92 1
208 -562.418 -324.712  1103.92 1
209 -296.797 183.706  1181.83 1
210 554.501 646.329  1021.69 1
211 -10.6953 348.887  1181.83 1
212 275.689 504.517  1127.95 1
213 -574.769 13.5049  1127.95 1
214 -836.987 -157.047  1021.69 1
215 10.6953 -348.887  1181.83 1
216 836.987 157.047  1021.69 1
217 296.797 -183.706  1181.83 1
218 574.769 -13.5051  1127.95 1
219 -275.689 -504.518  1127.95 1
220 -554.5 -646.329  1021.69 1
221 304.864 -528.04  1117.39 1
222 585.814 -356.204  1091.34 1
223 15.5749 -685.431  1091.34 1
224 850.717 -174.635  1013.89 1
225 -274.12 -824.06  1013.89 1
226 -304.864 528.04  1117.39 1
227 -15.5749 685.431  1091.34 1
228 -585.814 356.204  1091.34 1
229 274.12 824.06  1013.89 1
230 -850.717 174.635  1013.89 1
