0 0 -521.61  -1096.51 0
1 0 -727.364  -915.349 0
2 0 521.61  -1096.51 0
3 -476.766 0  -1109.56 0
4 476.766 0  -1109.56 0
5 -212.342 -612.345  -950.661 0
6 212.342 -612.345  -950.661 0
7 431.775 -493.967  -947.331 0
8 650.482 -372.872  -904.437 0
9 222.633 -373.573  -1026.27 0
10 447.384 -250.196  -1003.61 0
11 665.093 -125.208  -938.445 0
12 -431.775 -493.967  -947.331 0
13 -222.215 -372.872  -1023.21 0
14 -446.544 -249.727  -1000.59 0
15 -227.206 -125.208  -1059.88 0
16 -650.482 -372.872  -904.437 0
17 -665.093 -125.208  -938.445 0
18 -665.093 125.208  -938.445 0
19 227.206 -125.208  -1059.88 0
20 665.093 125.208  -938.445 0
21 0 -249.729  -1061.38 0
22 227.206 125.208  -1059.88 0
23 446.544 249.727  -1000.59 0
24 650.482 372.872  -904.437 0
25 0 249.729  -1061.38 0
26 222.215 372.872  -1023.21 0
27 431.775 493.967  -947.331 0
28 212.342 612.345  -950.661 0
29 -227.206 125.208  -1059.88 0
30 -446.544 249.727  -1000.59 0
31 -650.482 372.872  -904.437 0
32 -222.215 372.872  -1023.21 0
33 -431.775 493.967  -947.331 0
34 -212.342 612.345  -950.661 0
35 0 727.364  -915.349 0
36 -137.001 1040.62  0 0
37 -137.001 1040.62  228.6 0
38 -137.001 1040.62  -228.6 0
39 -137.001 1040.62  457.2 0
40 -137.001 1040.62  -457.2 0
41 -137.001 1040.62  684 0
42 -137.001 1040.62  -684 0
43 -1040.62 137.001  -571.5 0
44 -1040.62 137.001  -342.9 0
45 -1040.62 137.001  -114.3 0
46 -1040.62 137.001  114.3 0
47 -1040.62 137.001  342.9 0
48 -1040.62 137.001  571.5 0
49 -832.705 638.957  -571.5 0
50 -832.705 638.957  -342.9 0
51 -832.705 638.957  -114.3 0
52 -832.705 638.957  114.3 0
53 -832.705 638.957  342.9 0
54 -832.705 638.957  571.5 0
55 -401.665 969.706  -571.5 0
56 -401.665 969.706  -342.9 0
57 -401.665 969.706  -114.3 0
58 -401.665 969.706  114.3 0
59 -401.665 969.706  342.9 0
60 -401.665 969.706  571.5 0
61 137.001 1040.62  -571.5 0
62 137.001 1040.62  -342.9 0
63 137.001 1040.62  -114.3 0
64 137.001 1040.62  114.3 0
65 137.001 1040.62  342.9 0
66 137.001 1040.62  571.5 0
67 638.957 832.705  -571.5 0
68 638.957 832.705  -342.9 0
69 638.957 832.705  -114.3 0
70 638.957 832.705  114.3 0
71 638.957 832.705  342.9 0
72 638.957 832.705  571.5 0
73 969.706 401.665  -571.5 0
74 969.706 401.665  -342.9 0
75 969.706 401.665  -114.3 0
76 969.706 401.665  114.3 0
77 969.706 401.665  342.9 0
78 969.706 401.665  571.5 0
79 1040.62 -137.001  -571.5 0
80 1040.62 -137.001  -342.9 0
81 1040.62 -137.001  -114.3 0
82 1040.62 -137.001  114.3 0
83 1040.62 -137.001  342.9 0
84 1040.62 -137.001  571.5 0
85 832.705 -638.957  -571.5 0
86 832.705 -638.957  -342.9 0
87 832.705 -638.957  -114.3 0
88 832.705 -638.957  114.3 0
89 832.705 -638.957  342.9 0
90 832.705 -638.957  571.5 0
91 401.665 -969.706  -571.5 0
92 401.665 -969.706  -342.9 0
93 401.665 -969.706  -114.3 0
94 401.665 -969.706  114.3 0
95 401.665 -969.706  342.9 0
96 401.665 -969.706  571.5 0
97 -137.001 -1040.62  -571.5 0
98 -137.001 -1040.62  -342.9 0
99 -137.001 -1040.62  -114.3 0
100 -137.001 -1040.62  114.3 0
101 -137.001 -1040.62  342.9 0
102 -137.001 -1040.62  571.5 0
103 -638.957 -832.705  -571.5 0
104 -638.957 -832.705  -342.9 0
105 -638.957 -832.705  -114.3 0
106 -638.957 -832.705  114.3 0
107 -638.957 -832.705  342.9 0
108 -638.957 -832.705  571.5 0
109 -969.706 -401.665  -571.5 0
110 -969.706 -401.665  -342.9 0
111 -969.706 -401.665  -114.3 0
112 -969.706 -401.665  114.3 0
113 -969.706 -401.665  342.9 0
114 -969.706 -401.665  571.5 0
115 401.665 969.706  0 0
116 401.665 969.706  228.6 0
117 401.665 969.706  -228.6 0
118 401.665 969.706  457.2 0
119 401.665 969.706  -457.2 0
120 401.665 969.706  684 0
121 401.665 969.706  -684 0
122 832.705 638.957  0 0
123 832.705 638.957  228.6 0
124 832.705 638.957  -228.6 0
125 832.705 638.957  457.2 0
126 832.705 638.957  -457.2 0
127 832.705 638.957  684 0
128 832.705 638.957  -684 0
129 1040.62 137.001  0 0
130 1040.62 137.001  228.6 0
131 1040.62 137.001  -228.6 0
132 1040.62 137.001  457.2 0
133 1040.62 137.001  -457.2 0
134 1040.62 137.001  684 0
135 1040.62 137.001  -684 0
136 969.706 -401.665  0 0
137 969.706 -401.665  228.6 0
138 969.706 -401.665  -228.6 0
139 969.706 -401.665  457.2 0
140 969.706 -401.665  -457.2 0
141 969.706 -401.665  684 0
142 969.706 -401.665  -684 0
143 638.957 -832.705  0 0
144 638.957 -832.705  228.6 0
145 638.957 -832.705  -228.6 0
146 638.957 -832.705  457.2 0
147 638.957 -832.705  -457.2 0
148 638.957 -832.705  684 0
149 638.957 -832.705  -684 0
150 137.001 -1040.62  0 0
151 137.001 -1040.62  228.6 0
152 137.001 -1040.62  -228.6 0
153 137.001 -1040.62  457.2 0
154 137.001 -1040.62  -457.2 0
155 137.001 -1040.62  684 0
156 137.001 -1040.62  -684 0
157 -401.665 -969.706  0 0
158 -401.665 -969.706  228.6 0
159 -401.665 -969.706  -228.6 0
160 -401.665 -969.706  457.2 0
161 -401.665 -969.706  -457.2 0
162 -401.665 -969.706  684 0
163 -401.665 -969.706  -684 0
164 -832.705 -638.957  0 0
165 -832.705 -638.957  228.6 0
166 -832.705 -638.957  -228.6 0
167 -832.705 -638.957  457.2 0
168 -832.705 -638.957  -457.2 0
169 -832.705 -638.957  684 0
170 -832.705 -638.957  -684 0
171 -1040.62 -137.001  0 0
172 -1040.62 -137.001  228.6 0
173 -1040.62 -137.001  -228.6 0
174 -1040.62 -137.001  457.2 0
175 -1040.62 -137.001  -457.2 0
176 -1040.62 -137.001  684 0
177 -1040.62 -137.001  -684 0
178 -969.706 401.665  0 0
179 -969.706 401.665  228.6 0
180 -969.706 401.665  -228.6 0
181 -969.706 401.665  457.2 0
182 -969.706 401.665  -457.2 0
183 -969.706 401.665  684 0
184 -969.706 401.665  -684 0
185 -638.957 832.705  0 0
186 -638.957 832.705  228.6 0
187 -638.957 832.705  -228.6 0
188 -638.957 832.705  457.2 0
189 -638.957 832.705  -457.2 0
190 -638.957 832.705  684 0
191 -638.957 832.705  -684 0
192 0 0  1212.6 0
193 285.119 164.614  1185.24 0
194 -285.119 -164.614  1185.24 0
195 562.418 324.712  1103.92 0
196 -562.418 -324.712  1103.92 0
197 -296.797 183.706  1181.83 0
198 554.501 646.329  1021.69 0
199 -10.6953 348.887  1181.83 0
200 275.689 504.517  1127.95 0
201 -574.769 13.5049  1127.95 0
202 -836.987 -157.047  1021.69 0
203 10.6953 -348.887  1181.83 0
204 836.987 157.047  1021.69 0
205 296.797 -183.706  1181.83 0
206 574.769 -13.5051  1127.95 0
207 -275.689 -504.518  1127.95 0
208 -554.5 -646.329  1021.69 0
209 304.864 -528.04  1117.39 0
210 585.814 -356.204  1091.34 0
211 15.5749 -685.431  1091.34 0
212 850.717 -174.635  1013.89 0
213 -274.12 -824.06  1013.89 0
214 -304.864 528.04  1117.39 0
215 -15.5749 685.431  1091.34 0
216 -585.814 356.204  1091.34 0
217 274.12 824.06  1013.89 0
218 -850.717 174.635  1013.89 0
