0 685.8 685.8  -1100 0
1 457.2 685.8  -1100 0
2 228.6 685.8  -1100 0
3 0 685.8  -1100 0
4 -228.6 685.8  -1100 0
5 -457.2 685.8  -1100 0
6 -685.8 685.8  -1100 0
7 800.1 457.2  -1100 0
8 571.5 457.2  -1100 0
9 342.9 457.2  -1100 0
10 114.3 457.2  -1100 0
11 -114.3 457.2  -1100 0
12 -342.9 457.2  -1100 0
13 -571.5 457.2  -1100 0
14 -800.1 457.2  -1100 0
15 685.8 228.6  -1100 0
16 457.2 228.6  -1100 0
17 228.6 228.6  -1100 0
18 0 228.6  -1100 0
19 -228.6 228.6  -1100 0
20 -457.2 228.6  -1100 0
21 -685.8 228.6  -1100 0
22 800.1 0  -1100 0
23 571.5 0  -1100 0
24 342.9 0  -1100 0
25 114.3 0  -1100 0
26 -114.3 0  -1100 0
27 -342.9 0  -1100 0
28 -571.5 0  -1100 0
29 -800.1 0  -1100 0
30 685.8 -228.6  -1100 0
31 457.2 -228.6  -1100 0
32 228.6 -228.6  -1100 0
33 0 -228.6  -1100 0
34 -228.6 -228.6  -1100 0
35 -457.2 -228.6  -1100 0
36 -685.8 -228.6  -1100 0
37 800.1 -457.2  -1100 0
38 571.5 -457.2  -1100 0
39 342.9 -457.2  -1100 0
40 114.3 -457.2  -1100 0
41 -114.3 -457.2  -1100 0
42 -342.9 -457.2  -1100 0
43 -571.5 -457.2  -1100 0
44 -800.1 -457.2  -1100 0
45 685.8 -685.8  -1100 0
46 457.2 -685.8  -1100 0
47 228.6 -685.8  -1100 0
48 0 -685.8  -1100 0
49 -228.6 -685.8  -1100 0
50 -457.2 -685.8  -1100 0
51 -685.8 -685.8  -1100 0
52 1068.4 0  -685.8 0
53 1039.6 246.39  -571.5 0
54 954.757 479.497  -685.8 0
55 818.442 686.754  -571.5 0
56 638.004 856.988  -685.8 0
57 423.172 981.022  -571.5 0
58 185.526 1052.17  -685.8 0
59 -62.1219 1066.59  -571.5 0
60 -306.421 1023.52  -685.8 0
61 -534.2 925.262  -571.5 0
62 -733.181 777.126  -685.8 0
63 -892.635 587.095  -571.5 0
64 -1003.97 365.414  -685.8 0
65 -1061.18 124.034  -571.5 0
66 -1061.18 -124.034  -685.8 0
67 -1003.97 -365.414  -571.5 0
68 -892.635 -587.095  -685.8 0
69 -733.181 -777.126  -571.5 0
70 -534.2 -925.262  -685.8 0
71 -306.421 -1023.52  -571.5 0
72 -62.1219 -1066.59  -685.8 0
73 185.526 -1052.17  -571.5 0
74 423.172 -981.022  -685.8 0
75 638.004 -856.988  -571.5 0
76 818.442 -686.754  -685.8 0
77 954.757 -479.497  -571.5 0
78 1039.6 -246.39  -685.8 0
79 1068.4 0  -457.2 0
80 1039.6 246.39  -342.9 0
81 954.757 479.497  -457.2 0
82 818.442 686.754  -342.9 0
83 638.004 856.988  -457.2 0
84 423.172 981.022  -342.9 0
85 185.526 1052.17  -457.2 0
86 -62.1219 1066.59  -342.9 0
87 -306.421 1023.52  -457.2 0
88 -534.2 925.262  -342.9 0
89 -733.181 777.126  -457.2 0
90 -892.635 587.095  -342.9 0
91 -1003.97 365.414  -457.2 0
92 -1061.18 124.034  -342.9 0
93 -1061.18 -124.034  -457.2 0
94 -1003.97 -365.414  -342.9 0
95 -892.635 -587.095  -457.2 0
96 -733.181 -777.126  -342.9 0
97 -534.2 -925.262  -457.2 0
98 -306.421 -1023.52  -342.9 0
99 -62.1219 -1066.59  -457.2 0
100 185.526 -1052.17  -342.9 0
101 423.172 -981.022  -457.2 0
102 638.004 -856.988  -342.9 0
103 818.442 -686.754  -457.2 0
104 954.757 -479.497  -342.9 0
105 1039.6 -246.39  -457.2 0
106 1068.4 0  -228.6 0
107 1039.6 246.39  -114.3 0
108 954.757 479.497  -228.6 0
109 818.442 686.754  -114.3 0
110 638.004 856.988  -228.6 0
111 423.172 981.022  -114.3 0
112 185.526 1052.17  -228.6 0
113 -62.1219 1066.59  -114.3 0
114 -306.421 1023.52  -228.6 0
115 -534.2 925.262  -114.3 0
116 -733.181 777.126  -228.6 0
117 -892.635 587.095  -114.3 0
118 -1003.97 365.414  -228.6 0
119 -1061.18 124.034  -114.3 0
120 -1061.18 -124.034  -228.6 0
121 -1003.97 -365.414  -114.3 0
122 -892.635 -587.095  -228.6 0
123 -733.181 -777.126  -114.3 0
124 -534.2 -925.262  -228.6 0
125 -306.421 -1023.52  -114.3 0
126 -62.1219 -1066.59  -228.6 0
127 185.526 -1052.17  -114.3 0
128 423.172 -981.022  -228.6 0
129 638.004 -856.988  -114.3 0
130 818.442 -686.754  -228.6 0
131 954.757 -479.497  -114.3 0
132 1039.6 -246.39  -228.6 0
133 1068.4 0  -0 0
134 1039.6 246.39  114.3 0
135 954.757 479.497  -0 0
136 818.442 686.754  114.3 0
137 638.004 856.988  -0 0
138 423.172 981.022  114.3 0
139 185.526 1052.17  -0 0
140 -62.1219 1066.59  114.3 0
141 -306.421 1023.52  -0 0
142 -534.2 925.262  114.3 0
143 -733.181 777.126  -0 0
144 -892.635 587.095  114.3 0
145 -1003.97 365.414  -0 0
146 -1061.18 124.034  114.3 0
147 -1061.18 -124.034  -0 0
148 -1003.97 -365.414  114.3 0
149 -892.635 -587.095  -0 0
150 -733.181 -777.126  114.3 0
151 -534.2 -925.262  -0 0
152 -306.421 -1023.52  114.3 0
153 -62.1219 -1066.59  -0 0
154 185.526 -1052.17  114.3 0
155 423.172 -981.022  -0 0
156 638.004 -856.988  114.3 0
157 818.442 -686.754  -0 0
158 954.757 -479.497  114.3 0
159 1039.6 -246.39  -0 0
160 1068.4 0  228.6 0
161 1039.6 246.39  342.9 0
162 954.757 479.497  228.6 0
163 818.442 686.754  342.9 0
164 638.004 856.988  228.6 0
165 423.172 981.022  342.9 0
166 185.526 1052.17  228.6 0
167 -62.1219 1066.59  342.9 0
168 -306.421 1023.52  228.6 0
169 -534.2 925.262  342.9 0
170 -733.181 777.126  228.6 0
171 -892.635 587.095  342.9 0
172 -1003.97 365.414  228.6 0
173 -1061.18 124.034  342.9 0
174 -1061.18 -124.034  228.6 0
175 -1003.97 -365.414  342.9 0
176 -892.635 -587.095  228.6 0
177 -733.181 -777.126  342.9 0
178 -534.2 -925.262  228.6 0
179 -306.421 -1023.52  342.9 0
180 -62.1219 -1066.59  228.6 0
181 185.526 -1052.17  342.9 0
182 423.172 -981.022  228.6 0
183 638.004 -856.988  342.9 0
184 818.442 -686.754  228.6 0
185 954.757 -479.497  342.9 0
186 1039.6 -246.39  228.6 0
187 1068.4 0  457.2 0
188 1039.6 246.39  571.5 0
189 954.757 479.497  457.2 0
190 818.442 686.754  571.5 0
191 638.004 856.988  457.2 0
192 423.172 981.022  571.5 0
193 185.526 1052.17  457.2 0
194 -62.1219 1066.59  571.5 0
195 -306.421 1023.52  457.2 0
196 -534.2 925.262  571.5 0
197 -733.181 777.126  457.2 0
198 -892.635 587.095  571.5 0
199 -1003.97 365.414  457.2 0
200 -1061.18 124.034  571.5 0
201 -1061.18 -124.034  457.2 0
202 -1003.97 -365.414  571.5 0
203 -892.635 -587.095  457.2 0
204 -733.181 -777.126  571.5 0
205 -534.2 -925.262  457.2 0
206 -306.421 -1023.52  571.5 0
207 -62.1219 -1066.59  457.2 0
208 185.526 -1052.17  571.5 0
209 423.172 -981.022  457.2 0
210 638.004 -856.988  571.5 0
211 818.442 -686.754  457.2 0
212 954.757 -479.497  571.5 0
213 1039.6 -246.39  457.2 0
214 1068.4 0  685.8 0
215 1039.6 246.39  800.1 0
216 954.757 479.497  685.8 0
217 818.442 686.754  800.1 0
218 638.004 856.988  685.8 0
219 423.172 981.022  800.1 0
220 185.526 1052.17  685.8 0
221 -62.1219 1066.59  800.1 0
222 -306.421 1023.52  685.8 0
223 -534.2 925.262  800.1 0
224 -733.181 777.126  685.8 0
225 -892.635 587.095  800.1 0
226 -1003.97 365.414  685.8 0
227 -1061.18 124.034  800.1 0
228 -1061.18 -124.034  685.8 0
229 -1003.97 -365.414  800.1 0
230 -892.635 -587.095  685.8 0
231 -733.181 -777.126  800.1 0
232 -534.2 -925.262  685.8 0
233 -306.421 -1023.52  800.1 0
234 -62.1219 -1066.59  685.8 0
235 185.526 -1052.17  800.1 0
236 423.172 -981.022  685.8 0
237 638.004 -856.988  800.1 0
238 818.442 -686.754  685.8 0
239 954.757 -479.497  800.1 0
240 1039.6 -246.39  685.8 0
241 365.76 0  1120 1
242 0 365.76  1120 1
243 -365.76 0  1120 1
244 0 -365.76  1120 1
245 731.52 0  1120 1
246 517.263 517.263  1120 1
247 0 731.52  1120 1
248 -517.263 517.263  1120 1
249 -731.52 0  1120 1
250 -517.263 -517.263  1120 1
251 0 -731.52  1120 1
252 517.263 -517.263  1120 1
