0 0 685.8  -1022.18 0
1 -0 685.8  -1022.18 0
2 228.6 685.8  -998.877 0
3 -228.6 685.8  -998.877 0
4 444.8 685.8  -920.892 0
5 -444.8 685.8  -920.892 0
6 599.1 685.8  -751.103 0
7 -599.1 685.8  -751.103 0
8 114.3 457.2  -1115.05 0
9 -114.3 457.2  -1115.05 0
10 341.4 457.2  -1079.17 0
11 -341.4 457.2  -1079.17 0
12 557.25 457.2  -1000.27 0
13 -557.25 457.2  -1000.27 0
14 737.45 457.2  -857.894 0
15 -737.45 457.2  -857.894 0
16 0 228.6  -1167.92 0
17 -0 228.6  -1167.92 0
18 228.6 228.6  -1152.32 0
19 -228.6 228.6  -1152.32 0
20 453.2 228.6  -1103.09 0
21 -453.2 228.6  -1103.09 0
22 664.2 228.6  -1012.1 0
23 -664.2 228.6  -1012.1 0
24 114.3 0  -1179.27 0
25 -114.3 0  -1179.27 0
26 342.15 0  -1148.49 0
27 -342.15 0  -1148.49 0
28 562.25 0  -1082.59 0
29 -562.25 0  -1082.59 0
30 762.65 0  -970.056 0
31 -762.65 0  -970.056 0
32 0 -228.6  -1167.92 0
33 -0 -228.6  -1167.92 0
34 228.6 -228.6  -1152.32 0
35 -228.6 -228.6  -1152.32 0
36 453.2 -228.6  -1103.09 0
37 -453.2 -228.6  -1103.09 0
38 664.2 -228.6  -1012.1 0
39 -664.2 -228.6  -1012.1 0
40 114.3 -457.2  -1115.05 0
41 -114.3 -457.2  -1115.05 0
42 341.4 -457.2  -1079.17 0
43 -341.4 -457.2  -1079.17 0
44 557.25 -457.2  -1000.27 0
45 -557.25 -457.2  -1000.27 0
46 737.45 -457.2  -857.894 0
47 -737.45 -457.2  -857.894 0
48 0 -685.8  -1022.18 0
49 -0 -685.8  -1022.18 0
50 228.6 -685.8  -998.877 0
51 -228.6 -685.8  -998.877 0
52 444.8 -685.8  -920.892 0
53 -444.8 -685.8  -920.892 0
54 599.1 -685.8  -751.103 0
55 -599.1 -685.8  -751.103 0
56 1068.4 0  -685.8 0
57 1032 276.522  -571.5 0
58 925.262 534.2  -685.8 0
59 755.473 755.473  -571.5 0
60 534.2 925.262  -685.8 0
61 276.522 1032  -571.5 0
62 6.54206e-14 1068.4  -685.8 0
63 -276.522 1032  -571.5 0
64 -534.2 925.262  -685.8 0
65 -755.473 755.473  -571.5 0
66 -925.262 534.2  -685.8 0
67 -1032 276.522  -571.5 0
68 -1068.4 1.30841e-13  -685.8 0
69 -1032 -276.522  -571.5 0
70 -925.262 -534.2  -685.8 0
71 -755.473 -755.473  -571.5 0
72 -534.2 -925.262  -685.8 0
73 -276.522 -1032  -571.5 0
74 -1.96262e-13 -1068.4  -685.8 0
75 276.522 -1032  -571.5 0
76 534.2 -925.262  -685.8 0
77 755.473 -755.473  -571.5 0
78 925.262 -534.2  -685.8 0
79 1032 -276.522  -571.5 0
80 1068.4 0  -457.2 0
81 1032 276.522  -342.9 0
82 925.262 534.2  -457.2 0
83 755.473 755.473  -342.9 0
84 534.2 925.262  -457.2 0
85 276.522 1032  -342.9 0
86 6.54206e-14 1068.4  -457.2 0
87 -276.522 1032  -342.9 0
88 -534.2 925.262  -457.2 0
89 -755.473 755.473  -342.9 0
90 -925.262 534.2  -457.2 0
91 -1032 276.522  -342.9 0
92 -1068.4 1.30841e-13  -457.2 0
93 -1032 -276.522  -342.9 0
94 -925.262 -534.2  -457.2 0
95 -755.473 -755.473  -342.9 0
96 -534.2 -925.262  -457.2 0
97 -276.522 -1032  -342.9 0
98 -1.96262e-13 -1068.4  -457.2 0
99 276.522 -1032  -342.9 0
100 534.2 -925.262  -457.2 0
101 755.473 -755.473  -342.9 0
102 925.262 -534.2  -457.2 0
103 1032 -276.522  -342.9 0
104 1068.4 0  -228.6 0
105 1032 276.522  -114.3 0
106 925.262 534.2  -228.6 0
107 755.473 755.473  -114.3 0
108 534.2 925.262  -228.6 0
109 276.522 1032  -114.3 0
110 6.54206e-14 1068.4  -228.6 0
111 -276.522 1032  -114.3 0
112 -534.2 925.262  -228.6 0
113 -755.473 755.473  -114.3 0
114 -925.262 534.2  -228.6 0
115 -1032 276.522  -114.3 0
116 -1068.4 1.30841e-13  -228.6 0
117 -1032 -276.522  -114.3 0
118 -925.262 -534.2  -228.6 0
119 -755.473 -755.473  -114.3 0
120 -534.2 -925.262  -228.6 0
121 -276.522 -1032  -114.3 0
122 -1.96262e-13 -1068.4  -228.6 0
123 276.522 -1032  -114.3 0
124 534.2 -925.262  -228.6 0
125 755.473 -755.473  -114.3 0
126 925.262 -534.2  -228.6 0
127 1032 -276.522  -114.3 0
128 1068.4 0  -0 0
129 1032 276.522  114.3 0
130 925.262 534.2  -0 0
131 755.473 755.473  114.3 0
132 534.2 925.262  -0 0
133 276.522 1032  114.3 0
134 6.54206e-14 1068.4  -0 0
135 -276.522 1032  114.3 0
136 -534.2 925.262  -0 0
137 -755.473 755.473  114.3 0
138 -925.262 534.2  -0 0
139 -1032 276.522  114.3 0
140 -1068.4 1.30841e-13  -0 0
141 -1032 -276.522  114.3 0
142 -925.262 -534.2  -0 0
143 -755.473 -755.473  114.3 0
144 -534.2 -925.262  -0 0
145 -276.522 -1032  114.3 0
146 -1.96262e-13 -1068.4  -0 0
147 276.522 -1032  114.3 0
148 534.2 -925.262  -0 0
149 755.473 -755.473  114.3 0
150 925.262 -534.2  -0 0
151 1032 -276.522  114.3 0
152 1068.4 0  228.6 0
153 1032 276.522  342.9 0
154 925.262 534.2  228.6 0
155 755.473 755.473  342.9 0
156 534.2 925.262  228.6 0
157 276.522 1032  342.9 0
158 6.54206e-14 1068.4  228.6 0
159 -276.522 1032  342.9 0
160 -534.2 925.262  228.6 0
161 -755.473 755.473  342.9 0
162 -925.262 534.2  228.6 0
163 -1032 276.522  342.9 0
164 -1068.4 1.30841e-13  228.6 0
165 -1032 -276.522  342.9 0
166 -925.262 -534.2  228.6 0
167 -755.473 -755.473  342.9 0
168 -534.2 -925.262  228.6 0
169 -276.522 -1032  342.9 0
170 -1.96262e-13 -1068.4  228.6 0
171 276.522 -1032  342.9 0
172 534.2 -925.262  228.6 0
173 755.473 -755.473  342.9 0
174 925.262 -534.2  228.6 0
175 1032 -276.522  342.9 0
176 1068.4 0  457.2 0
177 1032 276.522  571.5 0
178 925.262 534.2  457.2 0
179 755.473 755.473  571.5 0
180 534.2 925.262  457.2 0
181 276.522 1032  571.5 0
182 6.54206e-14 1068.4  457.2 0
183 -276.522 1032  571.5 0
184 -534.2 925.262  457.2 0
185 -755.473 755.473  571.5 0
186 -925.262 534.2  457.2 0
187 -1032 276.522  571.5 0
188 -1068.4 1.30841e-13  457.2 0
189 -1032 -276.522  571.5 0
190 -925.262 -534.2  457.2 0
191 -755.473 -755.473  571.5 0
192 -534.2 -925.262  457.2 0
193 -276.522 -1032  571.5 0
194 -1.96262e-13 -1068.4  457.2 0
195 276.522 -1032  571.5 0
196 534.2 -925.262  457.2 0
197 755.473 -755.473  571.5 0
198 925.262 -534.2  457.2 0
199 1032 -276.522  571.5 0
200 1068.4 0  685.8 0
201 1032 276.522  800.1 0
202 925.262 534.2  685.8 0
203 755.473 755.473  800.1 0
204 534.2 925.262  685.8 0
205 276.522 1032  800.1 0
206 6.54206e-14 1068.4  685.8 0
207 -276.522 1032  800.1 0
208 -534.2 925.262  685.8 0
209 -755.473 755.473  800.1 0
210 -925.262 534.2  685.8 0
211 -1032 276.522  800.1 0
212 -1068.4 1.30841e-13  685.8 0
213 -1032 -276.522  800.1 0
214 -925.262 -534.2  685.8 0
215 -755.473 -755.473  800.1 0
216 -534.2 -925.262  685.8 0
217 -276.522 -1032  800.1 0
218 -1.96262e-13 -1068.4  685.8 0
219 276.522 -1032  800.1 0
220 534.2 -925.262  685.8 0
221 755.473 -755.473  800.1 0
222 925.262 -534.2  685.8 0
223 1032 -276.522  800.1 0
224 365.76 0  1120 1
225 0 365.76  1120 1
226 -365.76 0  1120 1
227 0 -365.76  1120 1
228 731.52 0  1120 1
229 517.263 517.263  1120 1
230 0 731.52  1120 1
231 -517.263 517.263  1120 1
232 -731.52 0  1120 1
233 -517.263 -517.263  1120 1
234 0 -731.52  1120 1
235 517.263 -517.263  1120 1
